age	O. umbonatus	O. umbonatus	5 pt moving average	5 pt  	% coarse	5 pt 	DCO3= 	DCO3= 	Temp 	BWT	d18O	5 point 	d13C	5 point 	seawater 	seawater 
(Ma)	Li/Ca	Mg/Ca	Li/Ca	moving		 moving	assuming 	assuming 	assuming 	assuming no 	C.mundulus	moving 	C.mundulus	moving 	d18O	d18O
	(umol/mol)	(mmol/mol)	(umol/mol)	average		average	DCO3= 	DCO3= 	BWT at 	saturation 	(per mille) PDB	average	(per mille) PDB	average	 (PDB) (per mille)	 (PDB) (per mille)
				Mg/Ca		% coarse	at 16.975Ma	at 16.975Ma	16.975Ma 	correction	unadjusted	d18O 	unadjusted	d13C	using 	using 
				(mmol/mol)			=0 umol/kg	=0 umol/kg	10.25	necessary 		(per mille) PDB		(per mille) PDB	corrected 	uncorrected 
							using	using		(above threshold)		unadjusted		unadjusted	BWT	BWT
							" ""corrected"" "	" ""uncorrected"" "								
							BWT	BWT								

17.162	14.7	2.58			31						1.42		0.95			
16.975	13.7	2.6			33		0	0	10.3	10.3	1.34		1.38		0.31	0.31
16.693	14.6	2.74	14.1	2.55	33	34	-5.4	-11.8	10.3	9.9	1.5	1.43	0.86	1	0.29	0.19
16.685	14.2	2.38	13.7	2.54	34	34	-10.6	-22.8	10.6	9.9	1.56	1.44	0.89	1.03	0.37	0.18
16.666	13.5	2.46	13.6	2.51	36	35	-13.8	-29.7	10.5	9.5	1.36	1.45	0.94	0.91	0.36	0.11
16.647	12.3	2.54	13.4	2.47	32	35	-18.2	-39.3	10.6	9.2	1.46	1.36	1.1	0.94	0.28	-0.06
16.591	13.3	2.41	13.2	2.49	39	35	-18.5	-39.9	10.8	9.4	1.39	1.32	0.78	0.93	0.29	-0.05
16.467	13.5	2.56	13.4	2.49	36	34	-16.4	-35.3	10.6	9.4	1.05	1.33	1.01	0.96	0.26	-0.04
16.433	13.4	2.48	13.8	2.56	31	34	-7.7	-16.6	10.6	10	1.36	1.33	0.81	0.97	0.25	0.11
16.416	14.5	2.47	13.8	2.55	33	33	-9.1	-19.6	10.6	9.9	1.37	1.32	1.09	1.06	0.24	0.08
16.406	14.4	2.9	13.7	2.48	30	32	-13.7	-29.7	10.4	9.4	1.48	1.34	1.18	1.11	0.21	-0.05
16.382	13	2.35	13.6	2.46	32	32	-16	-34.7	10.4	9.2	1.33	1.37	1.21	1.16	0.23	-0.06
16.366	13.3	2.22	13.2	2.41	32	31	-23.2	-50.1	10.5	8.7	1.16	1.38	1.25	1.2	0.27	-0.16
16.333	12.8	2.38	12.8	2.35	30	29	-30.8	-66.5	10.5	8.2	1.49	1.34	1.09	1.21	0.23	-0.33
16.317	12.5	2.22	13.2	2.45	31	29	-21.5	-46.4	10.6	9	1.42	1.33	1.28	1.21	0.26	-0.13
16.286	12.6	2.58	12.9	2.49	21	27	-22	-47.3	11	9.4	1.29	1.4	1.22	1.18	0.42	0.01
16.27	14.6	2.83	12.9	2.5	30	25	-20.8	-44.6	11	9.5	1.3	1.37	1.22	1.22	0.41	0.03
16.208	11.9	2.41	12.5	2.51	25	25	-23.9	-51.2	11.3	9.6	1.48	1.32	1.12	1.15	0.42	-0.01
16.193	12.9	2.47	12.6	2.46	18	27	-25.7	-55.3	11.1	9.2	1.37	1.25	1.28	1.08	0.28	-0.19
16.178	10.7	2.25	12.2	2.35	31	27	-37	-79.8	10.9	8.2	1.16	1.23	0.9	1.07	0.23	-0.45
16.148	13.1	2.36	12.3	2.33	30	27	-37.5	-81	10.8	8	0.92	1.17	0.88	1.04	0.14	-0.55
16.119	12.4	2.27	12.5	2.33	29	29	-36	-77.7	10.6	8	1.2	1.15	1.19	1.05	0.08	-0.58
16.104	12.2	2.31	12.9	2.41	27	29	-26.8	-57.9	10.7	8.7	1.19	1.16	0.96	1.11	0.11	-0.39
16.075	13.9	2.44	12.9	2.41	29	29	-26.3	-56.8	10.7	8.7	1.26	1.2	1.33	1.2	0.14	-0.34
16.061	12.7	2.66	13	2.4	31	28	-25.8	-55.7	10.6	8.7	1.25	1.21	1.19	1.26	0.12	-0.35
16.018	13.2	2.37	13.1	2.46	30	27	-21.1	-45.5	10.7	9.1	1.12	1.18	1.36	1.35	0.12	-0.27
16.004	13	2.23	12.8	2.42	23	27	-26.8	-57.8	10.8	8.8	1.23	1.13	1.46	1.35	0.1	-0.39
15.976	12.9	2.58	13	2.41	23	25	-25.2	-54.5	10.6	8.7	1.03	1.11	1.4	1.36	0.03	-0.44
15.962	12.1	2.27	13.3	2.42	25	24	-21.7	-46.9	10.4	8.8	1.04	1.06	1.36	1.33	-0.06	-0.46
15.934	13.8	2.61	13.5	2.48	23	23	-16.2	-34.9	10.5	9.3	1.11	1.07	1.21	1.32	-0.03	-0.33
15.907	14.6	2.44	13.9	2.45	24	22	-13.8	-30	10.1	9	0.91	1.12	1.21	1.31	-0.09	-0.34
15.866	14.1	2.5	14.2	2.49	19	21	-7.9	-17.4	10	9.4	1.28	1.19	1.44	1.34	-0.03	-0.18
15.852	15	2.44	14	2.44	20	21	-13.8	-30.1	10	8.9	1.26	1.25	1.32	1.44	0.02	-0.24
15.807	13.7	2.48	13.6	2.45	21	20	-16.8	-36.3	10.3	9	1.41	1.33	1.5	1.53	0.17	-0.14
15.799	12.6	2.33	13.5	2.35	22	21	-24.5	-53.3	10	8.2	1.37	1.35	1.72	1.57	0.13	-0.32
15.785	12.9	2.49	13.6	2.37	21	20	-21.8	-47.4	10	8.3	1.32	1.36	1.65	1.62	0.12	-0.28
15.772	13.2	2.02	13.6	2.4	19	20	-20.7	-45.1	10.1	8.6	1.38	1.42	1.67	1.67	0.22	-0.16
15.705	15.9	2.51	14.1	2.42	20	20	-14.4	-31.5	9.9	8.8	1.3	1.45	1.58	1.66	0.18	-0.09
15.692	13.3	2.63	14.2	2.42	19	19	-12.4	-27.2	9.7	8.8	1.7	1.39	1.75	1.63	0.1	-0.14
15.639	15.1	2.44	14.3	2.46	19	18	-9.9	-21.7	9.9	9.1	1.52	1.41	1.63	1.66	0.15	-0.04
15.613	13.8	2.5	14.2	2.49	15	18	-7.8	-17.1	10	9.4	1.05	1.47	1.51	1.68	0.25	0.1
15.56	13.2	2.22	14.2	2.45	19	17	-10.5	-23	9.9	9.1	1.45	1.41	1.83	1.62	0.15	-0.05
15.541	15.8	2.69	14.6	2.42	15	16	-8.4	-18.8	9.5	8.8	1.6	1.39	1.67	1.61	0.03	-0.13
15.533	13.3	2.41	14.3	2.52	16	17	-5.7	-12.4	10.1	9.6	1.44	1.47	1.44	1.59	0.26	0.16
15.52	17	2.29	14.7	2.59	16	16	2.4	5.1	10	10.2	1.4	1.48	1.59	1.53	0.26	0.31
15.507	12.2	2.99	14.5	2.55	17	17	-2	-4.5	10.1	9.9	1.45	1.45	1.42	1.54	0.24	0.21
15.48	15.2	2.55	14.8	2.55	17	16	1.5	2.9	9.8	9.9	1.49	1.44	1.52	1.61	0.17	0.19
15.454	14.6	2.53	14.3	2.59	16	16	-1	-2.2	10.3	10.3	1.44	1.42	1.72	1.57	0.29	0.27
15.44	15.1	2.4	14.9	2.44	16	16	-4.4	-10.1	9.3	8.9	1.4	1.45	1.79	1.64	0.05	-0.04
15.427	14.6	2.49	14.8	2.44	16	16	-5	-11.4	9.4	9	1.34	1.45	1.42	1.69	0.08	-0.02
15.408	15.2	2.22	14.6	2.49	18	16	-4.5	-10	9.8	9.4	1.59	1.43	1.73	1.62	0.15	0.06
15.4	14.7	2.58	14.7	2.47	15	17	-4.6	-10.4	9.6	9.3	1.5	1.4	1.8	1.56	0.08	-0.01
15.291	13.4	2.78	14.4	2.47	14	17	-8.4	-18.5	9.8	9.2	1.3	1.4	1.35	1.56	0.13	-0.03
15.278	15.6	2.3	13.7	2.51	20	18	-11.9	-25.6	10.5	9.6	1.25	1.31	1.48	1.47	0.2	-0.02
15.264	13	2.45	13.4	2.51	20	19	-15.5	-33.4	10.7	9.6	1.35	1.26	1.46	1.38	0.22	-0.06
15.236	12	2.46	13.9	2.5	20	20	-10.9	-23.6	10.3	9.5	1.13	1.27	1.28	1.39	0.13	-0.07
15.222	12.8	2.58	13.5	2.57	21	20	-10.7	-22.8	10.9	10.1	1.29	1.29	1.33	1.4	0.28	0.09
15.208	15.9	2.74	13.8	2.56	20	20	-8.6	-18.5	10.6	10	1.33	1.31	1.38	1.42	0.24	0.08
15.18	13.7	2.63	14.1	2.54	19	19	-6.8	-14.8	10.3	9.8	1.33	1.39	1.53	1.51	0.24	0.12
15.124	14.4	2.38	14.4	2.55	18	19	-3.3	-7.2	10.2	9.9	1.46	1.39	1.57	1.55	0.2	0.14
15.109	13.7	2.34	14	2.48	19	19	-11.3	-24.5	10.1	9.3	1.56	1.38	1.71	1.6	0.19	-0.02
15.095	14.2	2.65	14.2	2.42	19	19	-13.1	-28.6	9.8	8.8	1.25	1.39	1.55	1.59	0.1	-0.14
15.081	14.2	2.37	14.1	2.45	20	21	-12.6	-27.4	10	9	1.32	1.38	1.63	1.59	0.14	-0.09
15.066	14.6	2.35	14.3	2.46	19	22	-9.3	-20.5	9.8	9.1	1.35	1.34	1.47	1.52	0.08	-0.1
15.023	13.7	2.53	14.2	2.4	27	24	-14.1	-30.9	9.7	8.6	1.41	1.34	1.59	1.47	0.03	-0.24
14.978	14.9	2.4	14	2.39	26	25	-16.3	-35.7	9.8	8.5	1.39	1.33	1.38	1.41	0.04	-0.27
14.934	13.7	2.34	13.8	2.4	28	26	-18	-39.2	10	8.6	1.23	1.3	1.28	1.35	0.07	-0.27
14.888	13.3	2.33	13.6	2.37	26	25	-21.2	-46	10	8.4	1.26	1.26	1.32	1.3	0.03	-0.37
14.873	13.4	2.4	13.7	2.37	24	25	-21.2	-46.1	10	8.4	1.22	1.24	1.17	1.3	0.01	-0.38
14.858	12.9	2.4	13.8	2.32	23	25	-22.9	-50	9.7	8	1.17	1.26	1.37	1.31	-0.05	-0.48
14.842	14.9	2.39	14.1	2.34	23	25	-19.2	-42	9.5	8.1	1.34	1.25	1.35	1.31	-0.09	-0.45
14.827	14.4	2.09	14.3	2.34	29	25	-16.8	-36.8	9.4	8.1	1.29	1.2	1.35	1.31	-0.18	-0.5
14.812	14.7	2.41	15	2.37	29	26	-7.4	-16.8	9	8.4	1.22	1.19	1.31	1.27	-0.3	-0.45
14.796	14.5	2.42	15.1	2.4	23	27	-5.4	-12.4	9.1	8.6	0.99	1.17	1.17	1.26	-0.29	-0.4
14.78	16.7	2.54	15.3	2.45	26	26	0	-0.7	9.1	9	1.1	1.17	1.17	1.29	-0.29	-0.3
14.749	15	2.55	15	2.45	27	26	-3.1	-7.3	9.3	9	1.25	1.17	1.33	1.29	-0.24	-0.3
14.733	15.7	2.32	15.1	2.47	26	26	-0.9	-2.5	9.3	9.2	1.28	1.25	1.48	1.3	-0.14	-0.17
14.717	13.2	2.41	14.5	2.49	27	26	-6.1	-13.5	9.8	9.4	1.21	1.26	1.29	1.31	-0.01	-0.13
14.701	14.8	2.55	14.7	2.5	24	26	-2.7	-6.1	9.7	9.5	1.4	1.28	1.23	1.35	-0.01	-0.07
14.669	13.7	2.61	14.3	2.54	27	26	-4	-8.7	10.2	9.9	1.16	1.32	1.24	1.4	0.14	0.07
14.653	16.2	2.63	14.7	2.56	28	26	0.4	0.7	10	10	1.36	1.32	1.5	1.45	0.08	0.09
14.637	13.7	2.53	14.7	2.54	25	27	0.4	0.5	9.9	9.9	1.49	1.29	1.72	1.52	0.02	0.03
14.62	15	2.47	15.1	2.55	25	27	4.6	9.6	9.6	9.9	1.18	1.3	1.57	1.55	-0.02	0.06
14.604	15.1	2.49	14.8	2.49	28	26	-2.5	-5.8	9.6	9.4	1.23	1.32	1.58	1.55	0	-0.06
14.587	15.6	2.65	15.1	2.48	27	28	0.4	0.3	9.3	9.3	1.26	1.27	1.37	1.5	-0.12	-0.12
14.571	14.6	2.31	15.1	2.48	23	28	-0.8	-2.2	9.4	9.3	1.46	1.32	1.53	1.48	-0.06	-0.08
14.554	15.3	2.51	15.2	2.48	35	27	0.7	1	9.3	9.3	1.25	1.35	1.46	1.45	-0.05	-0.04
14.538	14.6	2.44	15	2.42	25	27	-5.1	-11.7	9.2	8.8	1.43	1.38	1.47	1.48	-0.05	-0.15
14.504	15.7	2.51	15.2	2.5	26	27	2.4	4.7	9.3	9.5	1.36	1.39	1.41	1.43	0	0.03
14.47	14.7	2.32	15.3	2.51	23	24	3.6	7.3	9.3	9.6	1.41	1.47	1.53	1.4	0.07	0.13
14.419	15.8	2.72	15.3	2.46	24	22	0.5	0.5	9.1	9.1	1.49	1.56	1.3	1.35	0.11	0.11
14.384	15.6	2.55	15.3	2.49	19	24	2.7	5.2	9.2	9.4	1.64	1.6	1.28	1.37	0.18	0.22
14.367	14.7	2.18	15.6	2.52	19	25	7.8	16.3	9.1	9.7	1.89	1.63	1.25	1.36	0.2	0.33
14.311	15.8	2.68	15.4	2.44	32	27	0.6	0.7	9	9	1.56	1.6	1.48	1.31	0.12	0.12
14.293	16.2	2.49	15.6	2.42	32	28	0.7	0.7	8.8	8.8	1.58	1.59	1.48	1.23	0.06	0.06
14.153	14.7	2.32	15.7	2.47	30	29	5.4	10.9	8.8	9.2	1.3	1.61	1.08	1.34	0.1	0.19
13.91	16.4	2.43	15.5	2.42	28	27	-0.4	-1.6	8.9	8.8	1.6	1.69	0.86	1.4	0.17	0.15
13.813	15.5	2.42	15.3	2.4	25	27	-3.7	-8.7	8.9	8.6	2.01	1.72	1.8	1.42	0.22	0.14
13.794	14.4	2.43	15.3	2.43	22	27	-0.9	-2.7	9	8.9	1.93	1.84	1.76	1.54	0.36	0.33
13.775	15.2	2.39	14.9	2.42	28	27	-5.9	-13.4	9.3	8.8	1.75	1.93	1.62	1.7	0.53	0.41
13.755	15.2	2.47	14.9	2.4	30	28	-7.7	-17.3	9.2	8.6	1.92	1.94	1.65	1.61	0.52	0.37
13.716	14	2.41	15.2	2.43	30	30	-2.3	-5.6	9	8.8	2.02	1.98	1.69	1.53	0.52	0.46
13.617	15.5	2.28	15.5	2.42	30	29	-0.4	-1.6	8.9	8.8	2.1	2.06	1.34	1.46	0.55	0.53
13.597	16.2	2.58	15.6	2.41	31	29	0.7	0.7	8.7	8.7	2.11	2.01	1.38	1.35	0.47	0.47
13.577	16.3	2.36	15.8	2.39	24	27	1.6	2.5	8.5	8.5	2.17	2.03	1.28	1.25	0.42	0.44
13.557	15.9	2.44	15.8	2.37	29	27	0	-1.1	8.4	8.4	1.67	2	1.09	1.19	0.38	0.37
13.517	15.1	2.3	15.6	2.34	24	27	-3.4	-8.5	8.4	8.1	2.08	2.04	1.2	1.07	0.42	0.34
13.477	15.4	2.17	15.5	2.31	27	27	-6.7	-15.5	8.4	7.9	1.98	2.01	1.01	1.03	0.39	0.25
13.416	15.4	2.44	15.5	2.26	29	27	-9.9	-22.6	8.2	7.4	2.28	2.05	0.77	1.06	0.38	0.18
13.376	15.6	2.22	15.6	2.29	26	28	-7.1	-16.5	8.2	7.7	2.05	2	1.08	1.07	0.34	0.19
13.355	15.8	2.2	15.5	2.32	27	29	-5.4	-12.8	8.4	8	1.84	2	1.22	1.12	0.39	0.27
13.335	15.8	2.42	15.2	2.35	32	29	-7	-16	8.8	8.2	1.87	1.93	1.24	1.2	0.4	0.25
13.315	15.1	2.35	15.1	2.38	29	30	-6.1	-13.9	8.9	8.5	1.99	1.94	1.27	1.24	0.46	0.33
13.274	13.7	2.58	15.1	2.41	31	29	-4.6	-10.7	9.1	8.7	1.89	1.99	1.2	1.23	0.55	0.45
13.253	15.2	2.35	15	2.42	28	29	-5.5	-12.5	9.2	8.8	2.13	2	1.27	1.19	0.57	0.46
13.233	15.6	2.35	15	2.41	26	29	-5.8	-13.2	9.2	8.7	2.1	2	1.19	1.18	0.57	0.46
13.212	15.2	2.44	15.2	2.32	29	28	-8.6	-19.5	8.7	8	1.88	2.01	1.01	1.14	0.45	0.28
13.192	15	2.33	15.2	2.34	30	28	-7.8	-17.8	8.7	8.1	2.01	2.01	1.21	1.1	0.48	0.32
13.171	15	2.14	15	2.33	28	29	-10.5	-23.5	8.9	8	1.95	1.97	1.03	1.05	0.46	0.25
13.13	15.1	2.44	15	2.31	28	30	-12	-26.9	8.8	7.8	2.14	1.98	1.05	1.06	0.45	0.21
13.109	14.6	2.3	15	2.32	31	31	-11.2	-25	8.8	7.9	1.86	2	0.93	1.01	0.47	0.25
13.089	15.2	2.32	15	2.36	31	33	-8.3	-18.6	8.9	8.3	1.95	2.03	1.08	0.97	0.53	0.37
13.068	15.1	2.39	15	2.3	36	33	-11.7	-26.3	8.7	7.8	2.09	2.01	0.94	0.97	0.46	0.23
13.048	15.2	2.35	15	2.33	37	33	-9.9	-22.2	8.8	8	2.09	2.04	0.86	0.99	0.52	0.33
13.027	15.1	2.15	15.2	2.35	32	34	-7.8	-17.7	8.8	8.2	2.07	2.12	1.03	0.97	0.59	0.44
13.006	14.6	2.45	15.4	2.33	28	35	-6.6	-15.3	8.5	8	2.02	2.13	1.04	0.96	0.54	0.4
12.986	15.7	2.4	15.5	2.3	37	35	-7.3	-17	8.3	7.7	2.33	2.19	0.96	1.01	0.54	0.39
12.965	16.4	2.28	15.7	2.37	40	36	-1	-3.1	8.5	8.3	2.14	2.22	0.93	1	0.61	0.58
12.945	15.7	2.2	15.8	2.31	37	37	-3.3	-8.3	8.2	7.9	2.37	2.28	1.08	0.98	0.6	0.52
12.883	16.1	2.51	15.6	2.28	37	36	-7.1	-16.5	8.2	7.6	2.24	2.27	0.99	0.98	0.59	0.44
12.862	15.2	2.16	15.5	2.27	33	35	-9.5	-21.7	8.3	7.5	2.31	2.28	0.96	0.98	0.63	0.43
12.842	14.8	2.24	15.7	2.35	34	34	-2.5	-6.4	8.4	8.2	2.28	2.26	0.92	0.93	0.64	0.58
12.821	15.4	2.24	15.4	2.31	36	34	-7.6	-17.4	8.5	7.8	2.2	2.25	0.92	0.88	0.64	0.49
12.801	16.8	2.59	15.7	2.38	32	33	-0.9	-2.9	8.5	8.4	2.27	2.22	0.85	0.88	0.63	0.6
12.78	14.8	2.31	15.8	2.4	34	33	2.7	4.9	8.5	8.7	2.19	2.17	0.73	0.88	0.58	0.61
12.76	16.4	2.5	15.5	2.43	28	32	0.9	1.1	8.8	8.8	2.14	2.17	0.98	0.88	0.65	0.66
12.739	15.8	2.38	15.3	2.39	34	32	-3.4	-8.1	8.9	8.6	2.05	2.17	0.91	0.89	0.66	0.59
12.719	13.9	2.34	15.1	2.41	30	32	-4.3	-10	9.1	8.7	2.21	2.21	0.92	0.93	0.76	0.66
12.699	15.7	2.43	15	2.39	32	32	-6.8	-15.4	9.1	8.5	2.27	2.23	0.93	0.93	0.77	0.64
12.678	13.7	2.4	14.9	2.39	33	32	-7.3	-16.4	9.1	8.5	2.38	2.26	0.93	0.93	0.81	0.67
12.638	15.9	2.4	15.4	2.41	32	33	-1.8	-4.6	8.8	8.7	2.23	2.28	0.95	0.94	0.76	0.72
12.617	15.6	2.37	15.1	2.35	31	33	-8	-18.1	8.8	8.2	2.21	2.28	0.95	0.94	0.77	0.61
12.597	16.1	2.43	15.5	2.34	36	32	-5	-11.7	8.6	8.1	2.3	2.28	0.96	0.96	0.7	0.59
12.577	14.2	2.16	15.4	2.32	33	34	-6.9	-15.9	8.5	7.9	2.28	2.28	0.9	0.94	0.68	0.54
12.557	15.5	2.36	15.5	2.31	30	36	-6.6	-15.3	8.4	7.8	2.37	2.3	1.05	0.95	0.67	0.53
12.537	15.7	2.27	15.3	2.31	38	37	-8.5	-19.4	8.5	7.8	2.24	2.31	0.86	0.96	0.72	0.55
12.517	16.1	2.32	15.3	2.34	45	38	-6.5	-14.9	8.6	8.1	2.32	2.32	1	0.99	0.76	0.62
12.497	15.1	2.44	14.9	2.33	38	39	-11.4	-25.5	8.9	8	2.35	2.28	1.01	0.95	0.78	0.55
12.477	14.4	2.3	14.7	2.37	37	38	-11.1	-24.6	9.2	8.4	2.35	2.29	1.01	0.97	0.87	0.66
12.457	13.3	2.31	14.7	2.31	35	36	-14.1	-31.2	9	7.9	2.14	2.25	0.9	0.93	0.76	0.49
12.418	14.6	2.47	14.5	2.29	33	35	-17.5	-38.7	9.1	7.7	2.33	2.19	0.95	0.88	0.72	0.39
12.398	16.3	2.03	14.5	2.29	34	34	-17.7	-39	9.1	7.7	2.09	2.16	0.77	0.83	0.7	0.36
12.339	13.9	2.35	14.8	2.29	37	34	-14.7	-32.7	8.8	7.7	2.03	2.16	0.78	0.8	0.64	0.35
12.32	14.3	2.3	14.7	2.24	32	33	-19.7	-43.5	8.7	7.2	2.22	2.15	0.74	0.78	0.6	0.22
12.301	14.9	2.31	14.3	2.26	33	33	-21.2	-46.6	9.1	7.4	2.11	2.17	0.77	0.81	0.71	0.31
12.281	13.9	2.19	14.1	2.21	31	31	-26.1	-57.2	9	7	2.29	2.2	0.82	0.84	0.73	0.23
12.243	14.7	2.17	14.2	2.2	32	30	-26.2	-57.4	8.9	6.9	2.22	2.23	0.96	0.89	0.73	0.23
12.224	13	2.1	14.2	2.21	27	30	-25.9	-56.8	9	7	2.18	2.26	0.93	0.93	0.78	0.29
12.205	14.7	2.23	14.4	2.22	30	29	-23.4	-51.5	8.8	7.1	2.38	2.29	0.99	0.94	0.78	0.33
12.186	14.6	2.37	14.6	2.23	30	29	-20.7	-45.6	8.7	7.1	2.24	2.31	0.95	0.95	0.77	0.37
12.149	15	2.22	15.1	2.23	28	28	-15.7	-35	8.4	7.2	2.45	2.32	0.89	0.88	0.7	0.39
12.131	15.7	2.22	15.1	2.26	31	28	-13.9	-31.1	8.5	7.4	2.31	2.27	1	0.84	0.68	0.41
12.112	15.4	2.11	15.1	2.26	22	29	-13.5	-30.2	8.5	7.4	2.24	2.28	0.6	0.85	0.68	0.41
12.094	14.6	2.4	15.2	2.26	29	30	-12.6	-28.2	8.4	7.4	2.13	2.23	0.78	0.85	0.62	0.37
12.076	14.9	2.35	14.9	2.28	35	31	-14.8	-32.9	8.7	7.6	2.28	2.23	0.98	0.82	0.68	0.39
12.058	15.3	2.24	14.7	2.34	33	33	-12.7	-28.2	9.1	8.1	2.2	2.25	0.92	0.88	0.8	0.55
12.04	14.2	2.28	14.8	2.32	34	32	-12.5	-27.7	8.9	8	2.27	2.22	0.83	0.85	0.73	0.49
12.022	14.4	2.45	14.7	2.3	36	31	-14.8	-32.8	8.9	7.8	2.35	2.21	0.91	0.82	0.72	0.43
12.004	15.2	2.3	15	2.3	24	30	-12.6	-28.1	8.7	7.7	2	2.21	0.62	0.79	0.67	0.42
11.987	14.5	2.23	15	2.26	27	29	-14	-31.3	8.5	7.4	2.25	2.19	0.84	0.82	0.6	0.33
11.952	16.5	2.22	15	2.23	27	27	-16.9	-37.7	8.4	7.1	2.19	2.17	0.78	0.83	0.56	0.23
11.935	14.5	2.12	15	2.25	29	27	-15.7	-34.9	8.6	7.3	2.17	2.22	0.97	0.89	0.63	0.33
11.918	14.1	2.26	14.8	2.26	26	28	-16.6	-36.9	8.7	7.4	2.26	2.22	0.96	0.91	0.67	0.35
11.884	15.1	2.43	14.4	2.23	26	28	-22.4	-49.2	8.9	7.2	2.23	2.28	0.91	0.94	0.78	0.35
11.868	13.8	2.27	14.4	2.2	30	27	-24.7	-54.4	8.8	6.9	2.28	2.31	0.94	0.95	0.78	0.31
11.851	14.5	2.08	14.3	2.2	26	26	-25.5	-56	8.8	6.9	2.46	2.32	0.93	0.94	0.8	0.31
11.803	14.4	1.95	14.1	2.15	25	26	-30.1	-66	8.8	6.5	2.33	2.33	1.01	0.95	0.8	0.23
11.772	13.9	2.24	14.1	2.1	26	25	-33.2	-72.9	8.6	6	2.31	2.35	0.92	0.97	0.77	0.14
11.756	14.1	2.21	14	2.13	24	25	-32.6	-71.4	8.7	6.3	2.28	2.28	0.94	1.04	0.74	0.12
11.741	13.8	2.02	13.8	2.19	23	25	-30.4	-66.4	9.1	6.8	2.37	2.26	1.06	1.03	0.82	0.25
11.726	14	2.22	13.6	2.24	26	26	-30.2	-65.9	9.5	7.2	2.08	2.3	1.27	1.04	0.95	0.38
11.696	13.5	2.28	13.7	2.27	27	27	-27.4	-59.8	9.5	7.5	2.27	2.3	0.95	1.05	0.96	0.45
11.682	12.5	2.47	13.7	2.29	30	29	-25.8	-56.2	9.6	7.7	2.47	2.3	0.95	0.98	0.98	0.5
11.668	14.6	2.36	13.7	2.28	29	29	-26.3	-57.4	9.6	7.6	2.29	2.37	1	0.92	1.04	0.55
11.639	13.8	2.15	13.8	2.29	31	30	-24.5	-53.4	9.5	7.7	2.38	2.38	0.7	0.93	1.03	0.57
11.612	14	2.17	14.6	2.23	28	29	-21.1	-46.5	8.7	7.1	2.43	2.35	0.99	0.93	0.81	0.4
11.599	14.3	2.3	14.3	2.2	30		-25.5	-55.9	8.8	6.9	2.34	2.35	1	0.94	0.83	0.34
11.586	16.1	2.17	14.2	2.27	28		-21.9	-48	9.2	7.5	2.29	2.33	0.97	0.99	0.9	0.49
11.548	13.3	2.21									2.29		1.07			
11.536	13.3	2.53									2.3		0.94			